 labels split  n_inst  gain_load  gain_load_se    net  net_se  gain_shuf  gain_shuf_se  gain_loadtod  gain_loadtod_se  auc_gain_load  auc_gain_load_se  train_gain_load  train_gain_load_se  val_logloss_orig  val_logloss_orig_se  val_auc_orig  val_auc_orig_se  vs_baleen_gain_load  vs_baleen_gain_load_se gate_pass
     C2 block       8     0.0021        0.0019 0.0029  0.0020    -0.0009        0.0003        0.0021           0.0020         0.0011            0.0008           0.0205              0.0044            0.2895               0.0064        0.9388           0.0034               0.0023                  0.0018     False
     C2  time       8    -0.0010        0.0038    NaN     NaN        NaN           NaN           NaN              NaN        -0.0017            0.0014           0.0147              0.0037            0.2750               0.0174        0.9406           0.0080               0.0027                  0.0020       NaN
F1CPSAT block       8     0.0413        0.0062 0.0420  0.0061    -0.0007        0.0002        0.0562           0.0068         0.0337            0.0054           0.0869              0.0060            0.4172               0.0039        0.8446           0.0062               0.0416                  0.0059      True
F1CPSAT  time       8     0.0338        0.0140    NaN     NaN        NaN           NaN           NaN              NaN        -0.0010            0.0042           0.0696              0.0138            0.3965               0.0089        0.8419           0.0116               0.0375                  0.0120       NaN
  F1EIM block       8     0.0371        0.0054 0.0376  0.0056    -0.0005        0.0003        0.0519           0.0065         0.0331            0.0045           0.0840              0.0040            0.4032               0.0074        0.8425           0.0062               0.0373                  0.0052      True
  F1EIM  time       8     0.0244        0.0122    NaN     NaN        NaN           NaN           NaN              NaN        -0.0041            0.0066           0.0628              0.0144            0.3663               0.0159        0.8348           0.0109               0.0281                  0.0103       NaN
   F1PT block       8     0.0400        0.0063 0.0407  0.0063    -0.0006        0.0003        0.0556           0.0076         0.0335            0.0048           0.0905              0.0047            0.4144               0.0046        0.8417           0.0059               0.0403                  0.0062      True
   F1PT  time       8     0.0313        0.0148    NaN     NaN        NaN           NaN           NaN              NaN        -0.0014            0.0054           0.0732              0.0172            0.3953               0.0092        0.8317           0.0097               0.0350                  0.0127       NaN
     P0 block       8     0.0255        0.0046 0.0261  0.0045    -0.0006        0.0002        0.0354           0.0052         0.0187            0.0043           0.0688              0.0038            0.4385               0.0062        0.8491           0.0059               0.0257                  0.0044      True
     P0  time       8     0.0171        0.0093    NaN     NaN        NaN           NaN           NaN              NaN        -0.0014            0.0032           0.0446              0.0073            0.4216               0.0076        0.8505           0.0084               0.0208                  0.0073       NaN
     T2 block       8     0.0180        0.0029 0.0189  0.0029    -0.0009        0.0002        0.0245           0.0036         0.0129            0.0023           0.0531              0.0057            0.3793               0.0081        0.8923           0.0057               0.0182                  0.0025      True
     T2  time       8     0.0107        0.0061    NaN     NaN        NaN           NaN           NaN              NaN        -0.0001            0.0018           0.0435              0.0066            0.3548               0.0120        0.9044           0.0083               0.0144                  0.0047       NaN
 baleen block       8    -0.0002        0.0010 0.0012  0.0012    -0.0014        0.0004        0.0009           0.0012         0.0001            0.0005           0.0217              0.0014            0.2649               0.0098        0.9486           0.0044                  NaN                     NaN     False
 baleen  time       8    -0.0037        0.0024    NaN     NaN        NaN           NaN           NaN              NaN        -0.0019            0.0012           0.0136              0.0033            0.2609               0.0193        0.9462           0.0080                  NaN                     NaN       NaN
