Per region: means over matched retrains x 4 instances. k0_adm = first-access admission (emulated, converged theta);
peak_adm = admitted share of the simulated peak window's accesses; scan_peak = share of retrains whose peak window has >25% big-offset (>8 MB) accesses
                          p100     p99    top5  mean_dt      wr  k0_adm  all_adm  peak_adm  peak_bigoff_share  scan_peak   n
region  cfg                                                                                                                 
Region6 A:baleen        39.313  33.106  37.086   21.435  35.575   0.002    0.358     0.215              0.336      0.750  12
        Aa-1.0:baleen   38.648  32.682  36.055   21.546  35.587   0.007    0.316     0.289              0.334      0.750  12
        B:baleen        38.964  33.081  36.739   21.379  35.563   0.002    0.358     0.228              0.254      0.500  12
        Ba-1.0:baleen   39.474  32.633  36.277   21.520  35.695   0.007    0.314     0.273              0.332      0.750  12
        C:F1PT          38.274  32.933  36.325   21.538  35.587   0.003    0.351     0.344              0.249      0.500  12
        D:F1CPSAT       38.571  33.186  36.597   21.619  35.679   0.004    0.341     0.296              0.264      0.583  12
        D:F1EIM         38.100  32.965  35.986   21.633  35.572   0.002    0.329     0.325              0.233      0.500  12
        D:F1PT          38.482  33.167  36.319   21.614  35.579   0.003    0.343     0.300              0.300      0.667  12
        D:P0            40.055  33.490  37.386   21.611  35.605   0.029    0.353     0.198              0.314      0.750   4
        D:T2            39.091  33.179  36.864   21.550  35.603   0.010    0.362     0.319              0.249      0.500   4
        Ea-0.5:F1PT     37.623  32.799  35.737   21.651  35.584   0.003    0.336     0.361              0.257      0.583  12
        Ea-1.0:F1CPSAT  38.279  32.785  35.910   21.786  35.580   0.005    0.314     0.333              0.237      0.500  12
        Ea-1.0:F1PT     36.728  32.630  35.278   21.724  35.528   0.004    0.320     0.407              0.102      0.167  12
Region7 A:baleen        37.687  32.617  35.811   21.241  35.460   0.087    0.343     0.358              0.155      0.000  12
        Aa-1.0:baleen   37.106  32.081  35.210   21.292  35.559   0.084    0.337     0.384              0.129      0.000  12
        B:baleen        37.921  32.409  35.808   21.155  35.571   0.096    0.349     0.358              0.175      0.083  12
        Ba-1.0:baleen   37.379  31.858  35.158   21.255  35.598   0.080    0.333     0.410              0.155      0.000  12
        C:F1PT          39.345  33.164  36.794   21.700  35.575   0.014    0.300     0.286              0.169      0.083  12
        D:F1CPSAT       38.903  32.000  35.689   21.822  35.576   0.029    0.276     0.384              0.179      0.083  12
        D:F1EIM         38.829  32.170  35.788   21.959  35.536   0.018    0.255     0.342              0.149      0.000  12
        D:F1PT          38.254  32.100  35.643   21.859  35.566   0.024    0.271     0.311              0.189      0.167  12
        D:P0            38.795  31.875  35.306   21.101  35.510   0.297    0.417     0.420              0.214      0.250   4
        D:T2            40.204  31.831  35.570   20.950  35.486   0.202    0.395     0.299              0.214      0.250   4
        Ea-0.5:F1PT     38.058  32.039  35.446   21.925  35.584   0.026    0.262     0.338              0.189      0.167  12
        Ea-1.0:F1CPSAT  38.645  31.733  35.358   21.977  35.508   0.032    0.253     0.421              0.179      0.083  12
        Ea-1.0:F1PT     37.670  31.920  35.282   22.016  35.536   0.028    0.250     0.378              0.189      0.167  12
